$ 3 0.000005 10.20027730826997 50 5 50 5e-11
R 32 0 0 0 0 2 50 5 0 0 0.5
L 32 48 0 48 0 0 false 5 0
L 32 80 0 80 0 1 false 5 0
207 448 48 496 48 4 FREEZE_REQ
207 448 80 496 80 4 MOVE_ANY
207 448 0 496 0 4 PWM
w 32 0 224 0 0
w 32 48 448 48 0
w 32 80 128 80 0
I 32 128 128 128 0 0.5 5
w 32 128 32 48 0
150 128 120 224 120 1 2 0 5
w 128 112 128 80 0
w 128 80 448 80 0
150 224 112 320 112 1 2 0 5
w 224 104 224 0 0
w 224 0 448 0 0
207 448 112 496 112 4 ENABLE
w 320 112 448 112 0
L 32 184 0 184 0 1 false 5 0
L 32 216 0 216 0 1 false 5 0
L 32 248 0 248 0 0 false 5 0
L 32 280 0 280 0 0 false 5 0
207 448 184 496 184 4 DIR_L_avoid
207 448 216 496 216 4 AVOID_ANY
207 448 248 496 248 4 APP_ANY
207 448 280 496 280 4 DIR_L_app
w 32 184 376 184 0
w 32 216 448 216 0
w 32 248 128 248 0
w 40 280 240 280 0
w 40 280 32 280 0
152 376 312 448 312 1 2 0 5
207 448 312 496 312 4 DIR_L
w 376 304 376 184 0
w 376 184 448 184 0
I 32 312 128 312 0 0.5 5
w 32 312 32 216 0
150 128 304 224 304 1 2 0 5
w 128 296 128 248 0
w 128 248 448 248 0
150 232 304 232 400 1 2 0 5
w 240 304 240 280 0
w 240 280 448 280 0
w 232 400 312 400 0
w 312 400 312 320 0
w 312 320 376 320 0
o 17 64 0 4103 5 0.00009765625 0 2 17 3
o 33 64 0 4103 5 0.00009765625 0 2 33 3
