$ 3 0.000005 10.20027730826997 50 5 50 5e-11
207 448 80 496 80 4 APP_R_REQ
207 448 48 496 48 4 APP_L_REQ
207 448 16 496 16 4 AVOID_R_REQ
207 448 -16 496 -16 4 AVOID_L_REQ
150 176 208 272 208 1 2 5 5
150 160 144 256 144 1 2 0 5
207 448 -48 496 -48 4 FREEZE_REQ
I 64 152 160 152 0 0.5 5
I 80 216 176 216 0 0.5 5
w 160 136 160 16 0
w 64 152 64 -16 0
207 448 144 496 144 4 DIR_L_avoid
207 448 208 496 208 4 DIR_R_avoid
w 256 144 448 144 0
w 200 112 200 48 0
207 448 112 496 112 4 DIR_L_app
w 280 176 280 80 0
w 296 112 448 112 0
w 376 176 448 176 0
207 448 176 496 176 4 DIR_R_app
w 272 208 448 208 0
w 80 216 80 16 0
w 144 -16 144 200 0
w 144 200 160 200 0
w 160 240 160 200 0
w 80 216 80 256 0
w 80 256 160 256 0
207 448 248 496 248 4 AVOID_ANY
207 448 280 496 280 4 APP_ANY
207 448 312 496 312 4 MOVE_ANY
w 256 248 448 248 0
w 280 176 280 272 0
w 176 48 176 288 0
w 176 288 280 288 0
w 376 280 448 280 0
w 352 304 352 280 0
w 256 248 256 320 0
w 256 320 352 320 0
w 160 200 176 200 0
L 32 -48 8 -48 0 0 false 5 0
L 32 -16 8 -16 0 1 false 5 0
L 32 16 8 16 0 0 false 5 0
L 32 48 8 48 0 1 false 5 0
L 32 80 8 80 0 0 false 5 0
w 32 -48 448 -48 0
w 32 -16 64 -16 0
w 32 16 80 16 0
w 32 48 176 48 0
w 32 80 280 80 0
w 64 -16 144 -16 0
w 144 -16 448 -16 0
w 80 16 160 16 0
w 160 16 448 16 0
w 176 48 200 48 0
w 200 48 448 48 0
w 280 80 448 80 0
152 184 248 256 248 1 2 5 5
152 280 280 352 280 1 2 5 5
152 352 312 424 312 1 2 5 5
w 160 240 184 240 0
w 160 256 184 256 0
w 352 280 376 280 0
w 424 312 448 312 0
w 200 112 296 112 0
w 376 176 280 176 0
