$ 1 0.000005 10.20027730826997 50 5 50 5e-11
165 256 144 304 144 6 4.995756306207137
R 64 64 32 64 0 0 40 5 0 0 0.5
415 528 64 528 128 0 0.5 1 0.15 0.15 0.02 0.05 1 0
t 480 208 528 208 0 1 -3.634012326832678 0.7520625133434148 100 default
r 160 112 160 176 0 10000
r 480 208 416 208 0 1000
d 128 176 128 224 2 default
d 192 224 192 176 2 default
d 464 112 464 64 2 default
c 160 272 160 304 4 1.0000000000000001e-7 2.788528600566909 0.001 0
c 320 352 320 320 4 1.0000000000000001e-7 -3.333333333333242 0.001 0
174 128 224 192 256 1 100000 0.5198 Resistance
207 480 208 480 256 4 PWM
g 320 352 320 368 0 0
w 64 64 160 64 0
w 464 64 528 64 0
w 160 112 160 64 0
w 160 64 320 64 0
w 128 176 160 176 0
w 160 176 192 176 0
w 160 256 160 272 0
w 320 352 160 352 0
w 160 352 160 304 0
w 320 320 320 304 0
w 352 304 352 352 0
w 352 352 320 352 0
w 320 112 320 64 0
w 320 64 384 64 0
w 528 128 528 192 0
w 528 224 528 352 0
w 528 352 352 352 0
w 384 208 416 208 0
w 384 176 384 64 0
w 384 64 464 64 0
w 256 176 192 176 0
w 256 272 256 256 0
w 256 256 160 256 0
w 256 256 256 240 0
w 528 128 464 128 0
w 464 128 464 112 0
o 12 64 0 4099 2.5 0.00009765625 0 2 12 3
