$ 1 0.000005 10.20027730826997 50 5 50 5e-11
s 96 176 96 240 4 1 false D3
R 64 32 32 32 0 0 40 5 0 0 0.5
r 96 32 96 96 0 10000
w 64 32 96 32 0
r 144 32 144 96 0 10000
r 192 32 192 96 0 10000
r 240 32 240 96 0 10000
w 96 32 144 32 0
w 144 32 192 32 0
w 192 32 240 32 0
s 144 208 144 272 4 0 false D2
s 192 96 192 160 4 0 false D1
s 240 96 240 160 4 0 false D0
g 160 304 160 320 0 0
207 288 96 416 96 4 ID_RIGHT
I 304 128 368 128 0 0.5 5
w 288 96 192 96 0
w 304 128 288 128 0
w 288 128 288 96 0
207 368 128 416 128 4 ID_LEFT
I 304 176 368 176 0 0.5 5
w 304 176 96 176 0
w 96 96 96 176 0
w 368 208 272 208 0
207 480 192 544 192 4 APPROACH
207 480 256 544 256 4 AVOID
I 304 272 368 272 0 0.5 5
w 304 272 272 272 0
w 272 272 272 208 0
w 272 208 144 208 0
w 304 176 304 240 0
w 304 240 368 240 0
207 480 320 544 320 4 FREEZE
w 368 304 304 304 0
w 304 304 304 240 0
w 368 336 272 336 0
w 272 336 272 272 0
w 96 240 96 304 0
w 96 304 144 304 0
w 192 160 192 304 0
w 192 304 160 304 0
w 240 160 240 304 0
w 240 304 192 304 0
w 144 304 144 272 0
w 144 304 160 304 0
w 144 96 144 208 0
150 368 192 480 192 0 2 0 5
150 368 256 480 256 0 2 5 5
150 368 320 480 320 0 2 0 5
o 25 64 0 4103 5 0.00009765625 0 2 25 3
o 19 64 0 4103 5 0.00009765625 0 2 19 3
