$ 3 0.000005 10.20027730826997 50 5 50 5e-11
L 80 32 48 32 0 1 false 5 0
L 80 64 48 64 0 0 false 5 0
L 80 96 48 96 0 1 false 5 0
L 80 128 48 128 0 0 false 5 0
L 80 160 48 160 0 1 false 5 0
L 80 192 48 192 0 0 false 5 0
207 464 32 512 32 4 ENABLE
207 464 96 512 96 4 ID_LEFT
207 464 64 512 64 4 ID_RIGHT
207 464 128 512 128 4 APPROACH
207 464 160 512 160 4 AVOID
207 464 192 512 192 4 FREEZE
207 464 232 512 232 4 FREEZE_REQ
w 80 32 104 32 0
w 464 64 296 64 0
w 464 96 320 96 0
w 464 128 80 128 0
w 464 160 256 160 0
w 80 192 344 192 0
w 368 32 464 32 0
w 344 192 464 192 0
150 368 232 464 232 1 2 0 5
150 368 272 464 272 1 2 5 5
150 128 280 224 280 1 2 5 5
150 368 312 464 312 1 2 0 5
150 368 352 464 352 1 2 0 5
150 368 392 464 392 1 2 0 5
150 128 344 224 344 1 2 0 5
w 368 224 368 32 0
w 344 192 344 240 0
w 344 240 368 240 0
w 272 32 368 32 0
w 240 160 128 160 0
w 256 160 248 160 0
w 248 160 240 160 0
207 464 272 512 272 4 AVOID_L_REQ
207 464 312 512 312 4 AVOID_R_REQ
207 464 352 512 352 4 APP_L_REQ
207 464 392 512 392 4 APP_R_REQ
w 320 96 320 264 0
w 320 264 368 264 0
w 320 96 80 96 0
w 224 280 368 280 0
w 128 272 128 160 0
w 128 160 80 160 0
w 104 32 104 288 0
w 104 288 128 288 0
w 104 32 272 32 0
w 368 304 368 280 0
w 296 64 296 320 0
w 296 320 368 320 0
w 296 64 80 64 0
w 224 344 272 344 0
w 128 336 104 336 0
w 104 336 104 288 0
w 80 128 80 352 0
w 80 352 128 352 0
w 368 360 320 360 0
w 320 360 320 264 0
w 368 384 296 384 0
w 296 384 296 320 0
w 272 344 272 400 0
w 272 400 368 400 0
w 272 344 368 344 0
o 35 64 0 4099 5 0.00009765625 0 2 35 3
