$ 1 0.000005 10.20027730826997 50 5 50 5e-11
r 176 112 176 208 0 1000
g 176 288 176 320 0 0
c 256 208 256 288 4 1.0000000000000001e-7 0.001 0.001 0.1
165 384 112 528 112 6 0
g 480 272 480 304 0 0
w 512 144 512 80 0
w 384 208 368 208 0
c 448 320 448 368 4 1e-8 0.001 0.001 0
w 448 320 448 272 0
g 448 368 448 384 0 0
w 352 144 384 144 0
c 352 240 352 304 4 0.000009999999999999999 0.001 0.001 0
w 384 240 352 240 0
w 352 144 352 240 0
w 448 368 352 368 0
w 352 368 352 304 0
w 448 80 448 64 0
w 448 64 368 64 0
r 352 64 352 144 0 1000
w 368 64 352 64 0
w 176 64 176 112 0
w 176 64 112 64 0
w 352 64 176 64 0
w 448 64 512 64 0
w 512 64 512 80 0
O 512 176 592 176 0 0
R 112 64 80 64 0 0 40 5 0 0 0.5
w 368 208 256 208 0
s 176 208 176 288 0 1 true
w 256 288 176 288 0
w 256 208 176 208 0
o 25 64 0 4102 5 0.1 0 1
o 28 64 0 4103 10 0.2 0 1
